-73
-73
-72
-73
-73
-72
-73
-75
-73
-73
-73
-71
-70
-70
-72
-70
-69
-72
-69
-74
-73
-70
-73
-71
-70
-67
-59
-54
-60
-58
-49
-49
-46
-45
-53
-48
-49
-46
-49
-46
-46
-54
-50
-61
-62
-58
-68
-63
-68
-51
-44
-43
-41
-44
-48
-55
-60
-66
-64
-66
-61
-71
-74
-77
-78
0
-78
-78
-82
-82
-81
-85
-85
-85
-86
-85
-84
-86
-86
-86
-85
-85
0
-67
-70
-71
-75
-74
-81
-70
-66
-58
-74
-75
-75
-74
-78
-78
-80
-79
-75
-87
-87
-88
-88
-73
-77
-72
-67
-71
-66
-67
-72
-68
-69
-71
-77
-74
-79
-72
-73
-73
-71
-73
-71
-72
-73
-68
-69
-68
-67
-68
-69
-70
-68
-85
-82
-84
-86
-87
-87
0
0
0
0
0
0
0
0
0
0
0
0
0
0
0
0
0
0
0
0
0
0
0
0
0
0
0
0
0
0
0
0
0
0
0
0
0
0
0
0
0
0
0
0
0
0
0
0
0
0
0
0
0
0
0
0
0
0
0
0
-75
-73
-71
-69
-68
-69
-68
-70
-72
0
-68
-68
-70
-70
-70
-75
-70
-76
-71
-81
-77
-76
-73
-75
-80
-68
-76
-83
-86
-84
-87
-85
-83
-84
-87
-69
-71
-72
-77
-83
-81
-83
-84
-80
-80
-75
-83
-83
-82
-85
-86
-89
0
-76
-72
-74
-77
-84
-87
-88
-87
-86
-87
-86
-86
-85
-83
-84
-85
-89
-90
-89
-89
-89
-90
-88
-88
0
0
0
0
0
0
-85
-82
-86
-83
-83
-83
-83
-83
-85
-82
-83
-79
-83
-83
-83
-74
-80
-73
-68
-69
-66
-75
-68
-76
-77
-80
-83
-81
-82
-81
-82
-85
-86
-84
-88
-86
-87
-85
-83
-83
-88
-86
-86
-86
-87
-87
-87
-86
-87
-83
-86
-85
-85
-86
-86
-86
-85
-84
-85
-87
-86
-86
-87
-87
-85
-84
-81
-80
-81
-83
-85
-83
-80
-78
-82
-78
-82
-79
-83
-80
-81
-82
-84
-81
-83
-85
-86
-86
-86
-86
-86
-86
0
0
0
0
0
0
0
0
0
0
0
0
0
0
0
0
0
0
0
0
0
-84
-82
-84
-81
-84
-82
-85
-84
-79
-78
-78
-79
-83
-84
-83
-88
-81
-84
-86
-84
-85
-83
-86
-82
-73
-77
-84
-86
-85
-88
-83
-86
-84
-87
-82
-86
-85
-87
-87
-86
-86
-86
-84
-80
-79
-80
-75
-68
-76
-83
-83
-86
-78
-85
-85
-83
-84
-84
-86
-84
-86
-83
-90
-46
-53
-50
-51
-53
-55
-61
-64
-68
-63
-68
-71
-73
-73
-47
-55
-47
-45
-45
-52
-49
-54
-48
-52
-63
-72
-70
-69
-68
-64
-72
-73
-64
-72
-69
-67
-71
-71
-72
-71
-74
0
-71
-70
-73
-69
-71
-69
-70
-71

